
***** GLOBAL STATISTICS (    64 MPI TASKS) *****

$Id: gptl.c,v 1.157 2011-03-28 20:55:18 rosinski Exp $
'count' is cumulative. All other stats are max/min
'on' indicates whether the timer was active during output, and so stats are lower or upper bounds.

name                                            on  processes  threads        count      walltotal   wallmax (proc   thrd  )   wallmin (proc   thrd  )
"CPL:INIT"                                       -         64       64 6.400000e+01   5.969866e+02     9.465 (    11      0)     9.130 (    63      0)
"CPL:cime_pre_init1"                             -         64       64 6.400000e+01   4.445686e+01     0.839 (     0      0)     0.496 (    63      0)
"CPL:ESMF_Initialize"                            -         64       64 6.400000e+01   1.489000e-03     0.000 (    26      0)     0.000 (     0      0)
"CPL:cime_pre_init2"                             -         64       64 6.400000e+01   3.971193e+01     0.622 (    40      0)     0.609 (     0      0)
"CPL:cime_init"                                  -         64       64 6.400000e+01   5.128154e+02     8.017 (     0      0)     8.011 (     8      0)
"CPL:init_comps"                                 -         64       64 6.400000e+01   4.768453e+02     7.455 (     2      0)     7.449 (     8      0)
"CPL:comp_init_pre_all"                          -         64       64 6.400000e+01   2.255973e-03     0.000 (    57      0)     0.000 (    31      0)
"CPL:comp_init_cc_atm"                           -         64       64 6.400000e+01   1.382623e+02     2.165 (     3      0)     2.159 (    24      0)
"a_i:comp_init"                                  -         64       64 6.400000e+01   1.382512e+02     2.165 (     3      0)     2.159 (    56      0)
"a_i:datm_readnml"                               -         64       64 6.400000e+01   2.152450e+01     0.341 (     2      0)     0.335 (    40      0)
"a_i:DATM_INIT"                                  -         64       64 6.400000e+01   1.167082e+02     1.824 (    17      0)     1.823 (    48      0)
"a_i:datm_strdata_init"                          -         64       64 6.400000e+01   4.093550e+01     0.640 (     0      0)     0.640 (    27      0)
"a_i:PIO:PIO_initdecomp_dof"                     -         64       64 2.560000e+02   1.465032e-01     0.004 (     1      0)     0.001 (     0      0)
"a_i:PIO:pio_rearrange_create_box"               -         64       64 2.560000e+02   1.184816e-01     0.003 (     1      0)     0.001 (     0      0)
"a_i:datm_initgsmaps"                            -         64       64 6.400000e+01   5.155472e-03     0.000 (     0      0)     0.000 (    18      0)
"a_i:datm_initmctdom"                            -         64       64 6.400000e+01   2.887679e-03     0.000 (     0      0)     0.000 (    10      0)
"a_i:datm_initmctavs"                            -         64       64 6.400000e+01   2.596645e-02     0.001 (    30      0)     0.000 (     6      0)
"a_i:DATM_RUN"                                   -         64       64 6.400000e+01   7.573752e+01     1.184 (     3      0)     1.183 (     0      0)
"a_i:datm_run1"                                  -         64       64 6.400000e+01   1.210827e-03     0.000 (    46      0)     0.000 (    10      0)
"a_i:datm"                                       -         64       64 6.400000e+01   7.573594e+01     1.184 (     3      0)     1.183 (     0      0)
"a_i:datm_strdata_advance"                       -         64       64 6.400000e+01   7.035140e+01     1.099 (    36      0)     1.099 (     0      0)
"a_i:datm_strd_adv_total"                        -         64       64 6.400000e+01   7.035121e+01     1.099 (    36      0)     1.099 (     0      0)
"a_i:datm_strd_adv_readLBUB"                     -         64       64 2.560000e+02   7.026569e+01     1.098 (    63      0)     1.097 (     0      0)
"a_i:datm_readLBUB_setup"                        -         64       64 2.560000e+02   1.747550e-04     0.000 (     5      0)     0.000 (    52      0)
"a_i:datm_readLBUB_fbound"                       -         64       64 2.560000e+02   1.047406e+00     1.047 (     0      0)     0.000 (    56      0)
"a_i:datm_readLBUB_bcast"                        -         64       64 2.560000e+02   6.601701e+01     1.048 (     6      0)     0.000 (     0      0)
"a_i:datm_readLBUB_LB_setup"                     -         64       64 2.560000e+02   6.298110e-04     0.000 (     0      0)     0.000 (    53      0)
"a_i:datm_readLBUB_LB_readpio"                   -         64       64 2.560000e+02   2.305566e+00     0.036 (     1      0)     0.035 (     0      0)
"a_i:PIO:PIO_openfile"                           -         64       64 2.560000e+02   1.000441e+00     0.016 (    32      0)     0.016 (    37      0)
"a_i:PIO:pio_read_darray"                        -         64       64 3.072000e+03   1.878632e+00     0.032 (     1      0)     0.027 (     0      0)
"a_i:PIO:pio_read_nf"                            -         64       64 3.072000e+03   2.107385e-01     0.027 (     1      0)     0.000 (    22      0)
"a_i:PIO:pio_read_nfdarray_double"               -         64       64 3.072000e+03   2.077122e-01     0.027 (     1      0)     0.000 (    22      0)
"a_i:PIO:pio_rearrange_read"                     -         64       64 3.072000e+03   1.645197e+00     0.031 (    62      0)     0.005 (     1      0)
"a_i:PIO:pio_rearrange_io2comp_double"           -         64       64 3.072000e+03   1.641945e+00     0.030 (    62      0)     0.005 (     1      0)
"a_i:PIO:swapm_box_rear_io2comp_double"          -         64       64 3.072000e+03   1.632039e+00     0.030 (    62      0)     0.005 (     1      0)
"a_i:datm_readLBUB_UB_setup"                     -         64       64 2.560000e+02   4.210850e-04     0.000 (     0      0)     0.000 (    26      0)
"a_i:datm_readLBUB_UB_readpio"                   -         64       64 2.560000e+02   8.879950e-01     0.014 (     5      0)     0.014 (     0      0)
"a_i:datm_readLBUB_filemgt"                      -         64       64 2.560000e+02   8.448300e-05     0.000 (     0      0)     0.000 (    45      0)
"a_i:datm_strd_adv_fill"                         -         64       64 2.560000e+02   3.378955e-02     0.001 (     7      0)     0.000 (    63      0)
"a_i:datm_strd_adv_rearr"                        -         64       64 1.920000e+02   2.654306e-03     0.000 (    51      0)     0.000 (    63      0)
"a_i:datm_strd_adv_map"                          -         64       64 6.400000e+01   3.012512e-02     0.001 (    63      0)     0.000 (    20      0)
"a_i:datm_strd_adv_tint"                         -         64       64 2.560000e+02   1.719057e-02     0.000 (    32      0)     0.000 (     0      0)
"a_i:datm_scatter"                               -         64       64 6.400000e+01   7.990616e-02     0.002 (    10      0)     0.001 (     8      0)
"a_i:datm_datamode"                              -         64       64 6.400000e+01   5.303813e+00     0.083 (    14      0)     0.082 (    49      0)
"a_i:datm_run2"                                  -         64       64 6.400000e+01   9.435000e-05     0.000 (     0      0)     0.000 (    39      0)
"CPL:comp_init_cc_lnd"                           -         64       64 6.400000e+01   8.265567e-03     0.000 (     1      0)     0.000 (    49      0)
"l_i:comp_init"                                  -         64       64 6.400000e+01   6.329300e-05     0.000 (    33      0)     0.000 (    25      0)
"CPL:comp_init_cc_rof"                           -         64       64 6.400000e+01   1.964076e+01     0.307 (     9      0)     0.307 (    38      0)
"r_i:comp_init"                                  -         64       64 6.400000e+01   1.962772e+01     0.307 (    57      0)     0.307 (    19      0)
"r_i:drof_readnml"                               -         64       64 6.400000e+01   5.488142e+00     0.087 (    58      0)     0.085 (    41      0)
"r_i:DROF_INIT"                                  -         64       64 6.400000e+01   1.407279e+01     0.220 (     1      0)     0.220 (     9      0)
"r_i:drof_strdata_init"                          -         64       64 6.400000e+01   1.348130e+01     0.211 (     0      0)     0.211 (     8      0)
"r_i:PIO:PIO_initdecomp_dof"                     -         64       64 6.400000e+01   5.078426e-02     0.003 (     1      0)     0.000 (     0      0)
"r_i:PIO:pio_rearrange_create_box"               -         64       64 6.400000e+01   3.344176e-02     0.002 (     1      0)     0.000 (     0      0)
"r_i:drof_initgsmaps"                            -         64       64 6.400000e+01   5.568275e-03     0.000 (     0      0)     0.000 (    56      0)
"r_i:drof_initmctdom"                            -         64       64 6.400000e+01   5.575896e-03     0.000 (    25      0)     0.000 (    48      0)
"r_i:drof_initmctavs"                            -         64       64 6.400000e+01   1.045087e-02     0.000 (    18      0)     0.000 (     1      0)
"r_i:drof_datamode"                              -         64       64 1.280000e+02   2.008440e-04     0.000 (    39      0)     0.000 (    59      0)
"r_i:DROF_RUN"                                   -         64       64 6.400000e+01   5.681104e-01     0.009 (     1      0)     0.009 (     0      0)
"r_i:drof_run1"                                  -         64       64 6.400000e+01   1.303558e-03     0.000 (     1      0)     0.000 (    63      0)
"r_i:drof_r"                                     -         64       64 6.400000e+01   5.663985e-01     0.009 (    62      0)     0.008 (     0      0)
"r_i:drof_r_strdata_advance"                     -         64       64 6.400000e+01   5.557102e-01     0.009 (    62      0)     0.008 (     0      0)
"r_i:drof_r_strd_adv_total"                      -         64       64 6.400000e+01   5.555381e-01     0.009 (    62      0)     0.008 (     0      0)
"r_i:drof_r_strd_adv_readLBUB"                   -         64       64 6.400000e+01   5.516649e-01     0.009 (    62      0)     0.008 (     0      0)
"r_i:drof_r_readLBUB_setup"                      -         64       64 6.400000e+01   5.407400e-05     0.000 (    16      0)     0.000 (    54      0)
"r_i:drof_r_readLBUB_fbound"                     -         64       64 6.400000e+01   3.653598e-03     0.004 (     0      0)     0.000 (    48      0)
"r_i:drof_r_readLBUB_bcast"                      -         64       64 6.400000e+01   2.518651e-01     0.004 (    47      0)     0.000 (     0      0)
"r_i:drof_r_readLBUB_LB_setup"                   -         64       64 6.400000e+01   1.100700e-04     0.000 (     0      0)     0.000 (    48      0)
"r_i:drof_r_readLBUB_LB_readpio"                 -         64       64 6.400000e+01   2.360381e-01     0.004 (     1      0)     0.004 (     0      0)
"r_i:PIO:PIO_openfile"                           -         64       64 6.400000e+01   1.555627e-01     0.002 (    32      0)     0.002 (     0      0)
"r_i:PIO:pio_read_darray"                        -         64       64 1.280000e+02   1.138053e-01     0.002 (     1      0)     0.002 (     0      0)
"r_i:PIO:pio_read_nf"                            -         64       64 1.280000e+02   3.777167e-03     0.002 (     1      0)     0.000 (    40      0)
"r_i:PIO:pio_read_nfdarray_double"               -         64       64 1.280000e+02   3.557225e-03     0.002 (     1      0)     0.000 (    52      0)
"r_i:PIO:pio_rearrange_read"                     -         64       64 1.280000e+02   1.086906e-01     0.002 (    62      0)     0.000 (     1      0)
"r_i:PIO:pio_rearrange_io2comp_double"           -         64       64 1.280000e+02   1.084830e-01     0.002 (    62      0)     0.000 (     1      0)
"r_i:PIO:swapm_box_rear_io2comp_double"          -         64       64 1.280000e+02   1.077250e-01     0.002 (    62      0)     0.000 (     1      0)
"r_i:drof_r_readLBUB_UB_setup"                   -         64       64 6.400000e+01   1.051850e-04     0.000 (     0      0)     0.000 (    41      0)
"r_i:drof_r_readLBUB_UB_readpio"                 -         64       64 6.400000e+01   5.811239e-02     0.001 (     4      0)     0.001 (     0      0)
"r_i:drof_r_readLBUB_filemgt"                    -         64       64 6.400000e+01   2.194200e-05     0.000 (     0      0)     0.000 (     8      0)
"r_i:drof_r_strd_adv_rearr"                      -         64       64 6.400000e+01   1.477031e-03     0.000 (     3      0)     0.000 (    56      0)
"r_i:drof_r_strd_adv_tint"                       -         64       64 6.400000e+01   1.863787e-03     0.000 (     0      0)     0.000 (    48      0)
"r_i:drof_r_scatter"                             -         64       64 6.400000e+01   8.749290e-03     0.000 (    25      0)     0.000 (    48      0)
"r_i:drof_run2"                                  -         64       64 6.400000e+01   3.550400e-05     0.000 (     0      0)     0.000 (    50      0)
"CPL:comp_init_cc_ocn"                           -         64       64 6.400000e+01   2.644944e+02     4.133 (    56      0)     4.133 (    15      0)
"o_i:comp_init"                                  -         64       64 6.400000e+01   2.644794e+02     4.133 (    36      0)     4.132 (    19      0)
"o_i:mpaso_init1"                                -         64       64 6.400000e+01   1.377678e+02     2.171 (     6      0)     2.130 (    41      0)
"o_i:PIO:PIO_openfile"                           -         64       64 1.920000e+02   2.619022e+00     0.060 (    41      0)     0.027 (    16      0)
"o_i:PIO:PIO_initdecomp_dof"                     -         64       64 1.280000e+03   3.749967e+00     0.135 (     1      0)     0.053 (     3      0)
"o_i:PIO:pio_rearrange_create_box"               -         64       64 1.280000e+03   3.644367e+00     0.133 (     1      0)     0.051 (     3      0)
"o_i:PIO:pio_read_darray"                        -         64       64 3.520000e+03   7.042620e+01     1.102 (    62      0)     1.091 (     1      0)
"o_i:PIO:pio_read_nf"                            -         64       64 3.520000e+03   6.304496e+01     1.030 (    49      0)     0.982 (    60      0)
"o_i:PIO:pio_read_nfdarray_int"                  -         64       64 1.472000e+03   2.130967e+01     0.333 (    49      0)     0.333 (    60      0)
"o_i:PIO:pio_rearrange_read"                     -         64       64 3.520000e+03   5.237872e+00     0.104 (     1      0)     0.046 (    49      0)
"o_i:PIO:pio_rearrange_io2comp_int"              -         64       64 1.472000e+03   5.331764e-01     0.015 (     1      0)     0.001 (     0      0)
"o_i:PIO:swapm_box_rear_io2comp_int"             -         64       64 1.472000e+03   5.274390e-01     0.015 (     1      0)     0.001 (     0      0)
"o_i:PIO:PIO_closefile"                          -         64       64 1.280000e+02   1.481638e-01     0.005 (     8      0)     0.002 (    23      0)
"o_i:mpaso_init2"                                -         64       64 6.400000e+01   1.242380e+02     1.956 (    41      0)     1.924 (     0      0)
"o_i:io_read"                                    -         64       64 1.280000e+02   9.962941e+01     1.573 (    46      0)     1.539 (     8      0)
"o_i:PIO:pio_read_nfdarray_double"               -         64       64 2.048000e+03   4.173070e+01     0.697 (    49      0)     0.649 (    30      0)
"o_i:PIO:pio_rearrange_io2comp_double"           -         64       64 2.048000e+03   4.700054e+00     0.089 (     1      0)     0.034 (    49      0)
"o_i:PIO:swapm_box_rear_io2comp_double"          -         64       64 2.048000e+03   4.673883e+00     0.088 (     1      0)     0.034 (    49      0)
"o_i:PIO:pio_get_vara_1d_double"                 -         64       64 6.400000e+01   1.769730e-02     0.000 (     0      0)     0.000 (     1      0)
"o_i:analysis_bootstrap"                         -         64       64 6.400000e+01   3.155318e+01     0.508 (    27      0)     0.470 (    41      0)
"o_i:init_read_globalStats"                      -         64       64 6.400000e+01   7.620600e-04     0.000 (    41      0)     0.000 (     4      0)
"o_i:init_read_layerVolumeWeightedAverage"       -         64       64 6.400000e+01   7.082540e-04     0.000 (    22      0)     0.000 (    46      0)
"o_i:init_read_meridionalHeatTransport"          -         64       64 6.400000e+01   6.438630e-04     0.000 (    22      0)     0.000 (    20      0)
"o_i:init_read_surfaceAreaWeightedAverages"      -         64       64 6.400000e+01   6.182510e-04     0.000 (     8      0)     0.000 (    39      0)
"o_i:init_read_highFrequencyOutput"              -         64       64 6.400000e+01   6.810220e-04     0.000 (    60      0)     0.000 (    23      0)
"o_i:init_read_mixedLayerDepths"                 -         64       64 6.400000e+01   6.377440e-04     0.000 (    22      0)     0.000 (    10      0)
"o_i:init_read_timeSeriesStatsMonthly"           -         64       64 6.400000e+01   1.767001e+01     0.284 (    27      0)     0.262 (    41      0)
"o_i:init_read_timeSeriesStatsMonthlyMin"        -         64       64 6.400000e+01   7.278531e+00     0.118 (    26      0)     0.109 (    40      0)
"o_i:init_read_timeSeriesStatsMonthlyMax"        -         64       64 6.400000e+01   6.590117e+00     0.107 (    26      0)     0.098 (     8      0)
"o_i:init_read_eddyProductVariables"             -         64       64 6.400000e+01   6.687370e-04     0.000 (     4      0)     0.000 (    62      0)
"o_i:reset_io_alarms"                            -         64       64 1.280000e+02   8.778120e-02     0.001 (    27      0)     0.001 (     9      0)
"o_i:diagnostic solve"                           -         64       64 6.400000e+01   5.040030e+00     0.094 (    23      0)     0.056 (    60      0)
"o_i:equation of state"                          -         64       64 1.920000e+02   3.620733e-01     0.007 (     6      0)     0.005 (    60      0)
"o_i:gm bolus velocity"                          -         64       64 6.400000e+01   4.152990e+00     0.078 (    21      0)     0.033 (    60      0)
"o_i:reconstruct gm vecs"                        -         64       64 6.400000e+01   3.047742e-01     0.006 (     6      0)     0.004 (    18      0)
"o_i:analysis_init"                              -         64       64 6.400000e+01   4.221838e+00     0.155 (    60      0)     0.019 (    16      0)
"o_i:init_globalStats"                           -         64       64 6.400000e+01   5.022898e-03     0.000 (    51      0)     0.000 (    50      0)
"o_i:init_layerVolumeWeightedAverage"            -         64       64 6.400000e+01   3.955803e-02     0.001 (    27      0)     0.001 (    47      0)
"o_i:init_meridionalHeatTransport"               -         64       64 6.400000e+01   3.212952e+00     0.139 (    60      0)     0.001 (    16      0)
"o_i:init_surfaceAreaWeightedAverages"           -         64       64 6.400000e+01   4.874226e-01     0.013 (    52      0)     0.001 (    61      0)
"o_i:init_highFrequencyOutput"                   -         64       64 6.400000e+01   3.910750e-03     0.000 (    58      0)     0.000 (     0      0)
"o_i:init_mixedLayerDepths"                      -         64       64 6.400000e+01   1.641482e-01     0.012 (    59      0)     0.000 (     9      0)
"o_i:init_timeSeriesStatsMonthly"                -         64       64 6.400000e+01   9.486972e-02     0.002 (    16      0)     0.001 (     0      0)
"o_i:init_timeSeriesStatsMonthlyMin"             -         64       64 6.400000e+01   8.366333e-02     0.001 (    16      0)     0.001 (     0      0)
"o_i:init_timeSeriesStatsMonthlyMax"             -         64       64 6.400000e+01   8.022005e-02     0.001 (    14      0)     0.001 (     0      0)
"o_i:init_eddyProductVariables"                  -         64       64 6.400000e+01   4.058642e-02     0.005 (    22      0)     0.000 (     0      0)
"o_i:mpaso_mct_init"                             -         64       64 6.400000e+01   7.075531e-01     0.026 (    33      0)     0.006 (    30      0)
"o_i:land_ice_build_arrays"                      -         64       64 6.400000e+01   7.384600e-05     0.000 (     6      0)     0.000 (     1      0)
"o_i:frazil"                                     -         64       64 6.400000e+01   9.216845e-02     0.012 (    33      0)     0.000 (    41      0)
"o_i:io_shortwave"                               -         64       64 6.400000e+01   1.053105e-03     0.000 (    45      0)     0.000 (     7      0)
"CPL:comp_init_cc_ice"                           -         64       64 6.400000e+01   5.368897e+01     0.839 (    28      0)     0.839 (    36      0)
"i_i:comp_init"                                  -         64       64 6.400000e+01   5.367407e+01     0.839 (    12      0)     0.839 (    31      0)
"i_i:dice_readnml"                               -         64       64 6.400000e+01   6.020435e+00     0.094 (    39      0)     0.093 (     0      0)
"i_i:DICE_INIT"                                  -         64       64 6.400000e+01   4.765163e+01     0.745 (    12      0)     0.744 (    17      0)
"i_i:dice_strdata_init"                          -         64       64 6.400000e+01   4.282989e+01     0.670 (     0      0)     0.669 (     9      0)
"i_i:PIO:PIO_initdecomp_dof"                     -         64       64 6.400000e+01   4.715720e-01     0.015 (     1      0)     0.001 (     0      0)
"i_i:PIO:pio_rearrange_create_box"               -         64       64 6.400000e+01   2.249225e-01     0.005 (    17      0)     0.001 (     0      0)
"i_i:dice_initgsmaps"                            -         64       64 6.400000e+01   5.220318e-03     0.000 (     0      0)     0.000 (    19      0)
"i_i:dice_initmctdom"                            -         64       64 6.400000e+01   3.336412e-03     0.000 (     0      0)     0.000 (    30      0)
"i_i:dice_initmctavs"                            -         64       64 6.400000e+01   1.319850e-02     0.000 (    60      0)     0.000 (     1      0)
"i_i:DICE_RUN"                                   -         64       64 6.400000e+01   4.798862e+00     0.075 (    12      0)     0.075 (     0      0)
"i_i:dice_run1"                                  -         64       64 6.400000e+01   1.943576e-03     0.000 (     9      0)     0.000 (     3      0)
"i_i:dice"                                       -         64       64 6.400000e+01   4.796620e+00     0.075 (    12      0)     0.075 (     0      0)
"i_i:dice_strdata_advance"                       -         64       64 6.400000e+01   4.733500e+00     0.074 (    34      0)     0.074 (     0      0)
"i_i:dice_strd_adv_total"                        -         64       64 6.400000e+01   4.733284e+00     0.074 (    34      0)     0.074 (     0      0)
"i_i:dice_strd_adv_readLBUB"                     -         64       64 6.400000e+01   4.663311e+00     0.073 (    41      0)     0.073 (     0      0)
"i_i:dice_readLBUB_setup"                        -         64       64 6.400000e+01   5.479300e-05     0.000 (    41      0)     0.000 (     3      0)
"i_i:dice_readLBUB_fbound"                       -         64       64 6.400000e+01   6.296211e-02     0.063 (     0      0)     0.000 (    42      0)
"i_i:dice_readLBUB_bcast"                        -         64       64 6.400000e+01   3.986069e+00     0.063 (    63      0)     0.000 (     0      0)
"i_i:dice_readLBUB_LB_setup"                     -         64       64 6.400000e+01   1.564550e-04     0.000 (     0      0)     0.000 (    48      0)
"i_i:dice_readLBUB_LB_readpio"                   -         64       64 6.400000e+01   4.004652e-01     0.006 (     1      0)     0.006 (     0      0)
"i_i:PIO:PIO_openfile"                           -         64       64 6.400000e+01   1.606706e-01     0.003 (    33      0)     0.002 (     0      0)
"i_i:PIO:pio_read_darray"                        -         64       64 1.280000e+02   4.236944e-01     0.007 (    29      0)     0.007 (    48      0)
"i_i:PIO:pio_read_nf"                            -         64       64 1.280000e+02   1.489948e-02     0.006 (     1      0)     0.000 (    63      0)
"i_i:PIO:pio_read_nfdarray_double"               -         64       64 1.280000e+02   1.461385e-02     0.006 (     1      0)     0.000 (    52      0)
"i_i:PIO:pio_rearrange_read"                     -         64       64 1.280000e+02   4.070250e-01     0.007 (    29      0)     0.000 (     1      0)
"i_i:PIO:pio_rearrange_io2comp_double"           -         64       64 1.280000e+02   4.067540e-01     0.007 (    29      0)     0.000 (     1      0)
"i_i:PIO:swapm_box_rear_io2comp_double"          -         64       64 1.280000e+02   4.058678e-01     0.007 (    29      0)     0.000 (     1      0)
"i_i:dice_readLBUB_UB_setup"                     -         64       64 6.400000e+01   1.019350e-04     0.000 (     0      0)     0.000 (    19      0)
"i_i:dice_readLBUB_UB_readpio"                   -         64       64 6.400000e+01   2.115103e-01     0.003 (    52      0)     0.003 (     0      0)
"i_i:dice_readLBUB_filemgt"                      -         64       64 6.400000e+01   2.263500e-05     0.000 (     0      0)     0.000 (    35      0)
"i_i:dice_strd_adv_fill"                         -         64       64 6.400000e+01   2.214415e-02     0.000 (     7      0)     0.000 (    40      0)
"i_i:dice_strd_adv_map"                          -         64       64 6.400000e+01   4.553815e-02     0.001 (    34      0)     0.001 (     1      0)
"i_i:dice_strd_adv_tint"                         -         64       64 6.400000e+01   1.589768e-03     0.000 (     4      0)     0.000 (    52      0)
"i_i:dice_scatter"                               -         64       64 6.400000e+01   7.763480e-03     0.000 (    50      0)     0.000 (    27      0)
"i_i:dice_datamode"                              -         64       64 6.400000e+01   5.504975e-02     0.001 (    49      0)     0.001 (    21      0)
"i_i:dice_run2"                                  -         64       64 6.400000e+01   4.839100e-05     0.000 (     0      0)     0.000 (     8      0)
"CPL:comp_init_cc_glc"                           -         64       64 6.400000e+01   7.849954e-03     0.000 (    21      0)     0.000 (    49      0)
"g_i:comp_init"                                  -         64       64 6.400000e+01   6.339400e-05     0.000 (    32      0)     0.000 (    18      0)
"CPL:comp_init_cc_wav"                           -         64       64 6.400000e+01   1.055970e-02     0.000 (    20      0)     0.000 (    30      0)
"w_i:comp_init"                                  -         64       64 6.400000e+01   5.952400e-05     0.000 (     1      0)     0.000 (    23      0)
"CPL:comp_init_cc_esp"                           -         64       64 6.400000e+01   7.038657e-03     0.000 (    33      0)     0.000 (     2      0)
"e_i:comp_init"                                  -          1        1 1.000000e+00   1.201000e-06     0.000 (     0      0)     0.000 (     0      0)
"comp_init_cc_iac"                               -         64       64 6.400000e+01   9.045216e-03     0.000 (     0      0)     0.000 (    28      0)
"z_i:comp_init"                                  -          1        1 1.000000e+00   1.337000e-06     0.000 (     0      0)     0.000 (     0      0)
"CPL:comp_init_cx_all"                           -         64       64 6.400000e+01   7.124390e-01     0.011 (    34      0)     0.011 (    10      0)
"CPL:comp_list_all"                              -         64       64 6.400000e+01   2.834150e-04     0.000 (     0      0)     0.000 (    36      0)
"CPL:init_maps"                                  -         64       64 6.400000e+01   3.399709e+01     0.531 (    54      0)     0.531 (     8      0)
"CPL:init_aream"                                 -         64       64 6.400000e+01   1.412479e+00     0.023 (    33      0)     0.022 (    54      0)
"PIO:PIO_openfile"                               -         64       64 1.088000e+03   5.515621e+00     0.127 (     0      0)     0.045 (    33      0)
"PIO:PIO_initdecomp_dof"                         -         64       64 4.224000e+03   2.203556e+00     0.062 (     1      0)     0.032 (    17      0)
"PIO:pio_rearrange_create_box"                   -         64       64 4.224000e+03   1.068408e+00     0.061 (     1      0)     0.015 (     0      0)
"PIO:pio_read_darray"                            -         64       64 1.523200e+04   6.212419e+00     0.106 (    63      0)     0.089 (     0      0)
"PIO:pio_read_nf"                                -         64       64 1.523200e+04   4.833079e+00     0.078 (     1      0)     0.075 (    16      0)
"PIO:pio_read_nfdarray_double"                   -         64       64 1.523200e+04   4.819819e+00     0.078 (     1      0)     0.075 (    16      0)
"PIO:pio_rearrange_read"                         -         64       64 1.523200e+04   7.743151e-01     0.021 (    62      0)     0.004 (     0      0)
"PIO:pio_rearrange_io2comp_double"               -         64       64 1.523200e+04   7.602454e-01     0.021 (    62      0)     0.004 (     0      0)
"PIO:swapm_box_rear_io2comp_double"              -         64       64 1.523200e+04   7.124266e-01     0.020 (    62      0)     0.003 (     0      0)
"PIO:PIO_closefile"                              -         64       64 1.280000e+03   1.822462e+00     0.456 (     1      0)     0.000 (     8      0)
"CPL:init_domain_check"                          -         64       64 6.400000e+01   1.482906e-01     0.002 (     0      0)     0.002 (    33      0)
"CPL:init_areacor"                               -         64       64 6.400000e+01   1.281294e-01     0.002 (     8      0)     0.002 (     0      0)
"CPL:init_fracs"                                 -         64       64 6.400000e+01   1.506515e-01     0.002 (    28      0)     0.002 (     0      0)
"CPL:init_aoflux"                                -         64       64 6.400000e+01   1.880355e-02     0.001 (    37      0)     0.000 (     3      0)
"CPL:init_readrestart"                           -         64       64 6.400000e+01   9.361120e-04     0.000 (    63      0)     0.000 (    62      0)
"CPL:init_rof2ocn"                               -         64       64 6.400000e+01   5.642976e-02     0.001 (     0      0)     0.001 (    36      0)
"CPL:INIT_sync1_tprf"                            -         64       64 6.400000e+01   4.166701e-03     0.000 (     8      0)     0.000 (    54      0)
"CPL:INIT_t_prf"                                 -         64       64 6.400000e+01   9.109403e-02     0.023 (     0      0)     0.000 (    17      0)
"CPL:INIT_sync2_tprf"                            -         64       64 6.400000e+01   1.369057e+00     0.023 (    15      0)     0.000 (     0      0)
"CPL:RUN_LOOP_BSTART"                            -         64       64 6.400000e+01   1.877560e-04     0.000 (    44      0)     0.000 (    32      0)
"CPL:RUN_LOOP"                                   -         64       64 7.680000e+03   1.619929e+04   253.300 (     1      0)   253.101 (     8      0)
"CPL:CLOCK_ADVANCE"                              -         64       64 7.680000e+03   2.834868e+00     0.045 (     3      0)     0.043 (    41      0)
"CPL:RUN"                                        -         64       64 9.977600e+04   1.487151e+02     2.609 (    33      0)     2.226 (     0      0)
"CPL:OCNPRE1"                                    -         64       64 7.680000e+03   3.066205e+01     0.554 (    37      0)     0.429 (     0      0)
"CPL:ocnpre1_atm2ocn"                            -         64       64 7.680000e+03   3.064119e+01     0.554 (    37      0)     0.428 (     0      0)
"CPL:ICEPREP"                                    -         64       64 7.680000e+03   2.550773e+00     0.052 (    28      0)     0.033 (    37      0)
"CPL:iceprep_ocn2ice"                            -         64       64 7.680000e+03   5.280436e-01     0.019 (    28      0)     0.004 (    51      0)
"CPL:iceprep_atm2ice"                            -         64       64 7.680000e+03   5.706466e-01     0.022 (    17      0)     0.005 (    61      0)
"CPL:iceprep_mrgx2i"                             -         64       64 7.680000e+03   1.368080e+00     0.028 (    35      0)     0.020 (    19      0)
"CPL:COMM"                                       -         64       64 4.595200e+04   4.147963e+01     1.443 (    41      0)     0.144 (    16      0)
"CPL:C2I"                                        -         64       64 7.680000e+03   1.587272e+00     0.034 (    60      0)     0.020 (    28      0)
"CPL:c2i_icex2icei"                              -         64       64 7.680000e+03   1.115001e+00     0.019 (    56      0)     0.016 (     9      0)
"CPL:ice_infoexch"                               -         64       64 7.680000e+03   4.381099e-01     0.016 (    63      0)     0.003 (    28      0)
"CPL:ICE_RUN"                                    -         64       64 7.680000e+03   1.752572e+01     0.312 (    52      0)     0.251 (    29      0)
"i:DICE_RUN"                                     -         64       64 7.680000e+03   1.476624e+01     0.269 (    52      0)     0.208 (     4      0)
"i:dice_run1"                                    -         64       64 7.680000e+03   1.612679e-01     0.003 (    33      0)     0.002 (    19      0)
"i:dice"                                         -         64       64 7.680000e+03   1.457929e+01     0.266 (    52      0)     0.205 (     4      0)
"i:dice_strdata_advance"                         -         64       64 7.680000e+03   1.733187e+00     0.028 (     0      0)     0.026 (    28      0)
"i:dice_strd_adv_total"                          -         64       64 7.680000e+03   1.716915e+00     0.028 (     0      0)     0.026 (    28      0)
"i:dice_strd_adv_readLBUB"                       -         64       64 7.680000e+03   1.230750e+00     0.020 (     0      0)     0.019 (    60      0)
"i:dice_readLBUB_setup"                          -         64       64 7.680000e+03   5.627177e-03     0.000 (    21      0)     0.000 (    28      0)
"i:dice_readLBUB_filemgt"                        -         64       64 7.680000e+03   2.381495e-03     0.000 (    33      0)     0.000 (    19      0)
"i:dice_strd_adv_tint"                           -         64       64 7.680000e+03   1.859203e-01     0.004 (    30      0)     0.003 (    19      0)
"i:dice_scatter"                                 -         64       64 7.680000e+03   1.006229e+00     0.017 (    23      0)     0.014 (     1      0)
"i:dice_datamode"                                -         64       64 7.680000e+03   1.123513e+01     0.214 (    52      0)     0.152 (     4      0)
"i:dice_run2"                                    -         64       64 7.680000e+03   1.006064e-02     0.009 (     0      0)     0.000 (    19      0)
"CPL:ROF_RUN"                                    -         64       64 7.680000e+03   2.831398e+00     0.051 (    37      0)     0.042 (    62      0)
"r:DROF_RUN"                                     -         64       64 7.680000e+03   1.776556e+00     0.035 (     0      0)     0.026 (    41      0)
"r:drof_run1"                                    -         64       64 7.680000e+03   1.104535e-01     0.002 (    37      0)     0.002 (    22      0)
"r:drof_r"                                       -         64       64 7.680000e+03   1.627117e+00     0.027 (    37      0)     0.024 (    41      0)
"r:drof_r_strdata_advance"                       -         64       64 7.680000e+03   3.997686e-01     0.007 (     1      0)     0.006 (     7      0)
"r:drof_r_strd_adv_total"                        -         64       64 7.680000e+03   3.853817e-01     0.007 (     1      0)     0.006 (     7      0)
"r:drof_r_strd_adv_readLBUB"                     -         64       64 7.680000e+03   1.221339e-01     0.002 (     1      0)     0.002 (    52      0)
"r:drof_r_readLBUB_setup"                        -         64       64 7.680000e+03   5.067600e-03     0.000 (    42      0)     0.000 (    54      0)
"r:drof_r_readLBUB_filemgt"                      -         64       64 7.680000e+03   2.135843e-03     0.000 (    18      0)     0.000 (    30      0)
"r:drof_r_strd_adv_tint"                         -         64       64 7.680000e+03   2.228552e-01     0.004 (    48      0)     0.003 (    19      0)
"r:drof_r_scatter"                               -         64       64 7.680000e+03   1.002579e+00     0.017 (    38      0)     0.015 (     8      0)
"r:drof_datamode"                                -         64       64 7.680000e+03   1.229529e-02     0.000 (    37      0)     0.000 (    41      0)
"r:drof_run2"                                    -         64       64 7.680000e+03   6.642032e-03     0.005 (     0      0)     0.000 (    56      0)
"CPL:ATMOCNP"                                    -         64       64 7.680000e+03   2.523070e+01     0.737 (    37      0)     0.087 (     0      0)
"CPL:atmocnp_ice2ocn"                            -         64       64 7.680000e+03   1.300747e+00     0.053 (     4      0)     0.003 (     0      0)
"CPL:atmocnp_fluxo"                              -         64       64 7.680000e+03   1.737656e+01     0.538 (    37      0)     0.050 (     0      0)
"CPL:atmocnp_mrgx2o"                             -         64       64 7.680000e+03   3.680591e+00     0.109 (    37      0)     0.016 (     0      0)
"CPL:atmocnp_accum"                              -         64       64 7.680000e+03   1.534429e+00     0.042 (    54      0)     0.010 (     0      0)
"CPL:atmocnp_ocnalb"                             -         64       64 7.680000e+03   1.233159e+00     0.038 (    37      0)     0.006 (     1      0)
"CPL:R2C"                                        -         64       64 7.680000e+03   5.676400e-01     0.010 (     4      0)     0.008 (    62      0)
"CPL:r2c_rofr2rofx"                              -         64       64 7.680000e+03   4.529082e-01     0.008 (     4      0)     0.006 (    10      0)
"CPL:r2c_infoexch"                               -         64       64 7.680000e+03   8.309517e-02     0.002 (    31      0)     0.001 (    62      0)
"CPL:ROFPOST"                                    -         64       64 7.680000e+03   2.702255e+01     0.711 (     0      0)     0.064 (    37      0)
"CPL:rofpost_rof2ocn"                            -         64       64 7.680000e+03   2.700269e+01     0.711 (     0      0)     0.063 (    37      0)
"DRIVER_ROFPOST"                                 -         64       64 7.680000e+03   3.530809e-03     0.000 (    33      0)     0.000 (    40      0)
"CPL:I2C"                                        -         64       64 7.680000e+03   9.361441e-01     0.016 (    30      0)     0.014 (    63      0)
"CPL:i2c_icei2icex"                              -         64       64 7.680000e+03   8.266117e-01     0.015 (    30      0)     0.012 (    63      0)
"CPL:i2c_infoexch"                               -         64       64 7.680000e+03   7.968118e-02     0.002 (    35      0)     0.001 (    51      0)
"CPL:ICEPOST"                                    -         64       64 7.680000e+03   3.768851e-03     0.000 (     9      0)     0.000 (    20      0)
"CPL:FRACSET"                                    -         64       64 7.680000e+03   3.094514e+00     0.059 (    10      0)     0.035 (    54      0)
"CPL:fracset_fracset"                            -         64       64 7.680000e+03   3.079879e+00     0.058 (    10      0)     0.035 (    54      0)
"CPL:ATM_RUN"                                    -         64       64 7.680000e+03   1.856270e+01     0.455 (    41      0)     0.188 (    16      0)
"a:DATM_RUN"                                     -         64       64 7.680000e+03   1.738846e+01     0.435 (    41      0)     0.170 (    16      0)
"a:datm_run1"                                    -         64       64 7.680000e+03   1.457670e-01     0.002 (     2      0)     0.002 (     9      0)
"a:datm"                                         -         64       64 7.680000e+03   1.722016e+01     0.433 (    41      0)     0.167 (    16      0)
"a:datm_strdata_advance"                         -         64       64 7.680000e+03   1.312304e+01     0.365 (    41      0)     0.106 (    16      0)
"a:datm_strd_adv_total"                          -         64       64 7.680000e+03   1.310598e+01     0.364 (    41      0)     0.105 (    16      0)
"a:datm_strd_adv_readLBUB"                       -         64       64 3.072000e+04   1.187951e+01     0.344 (    41      0)     0.086 (    16      0)
"a:datm_readLBUB_setup"                          -         64       64 3.072000e+04   1.736522e-02     0.000 (    41      0)     0.000 (    49      0)
"a:datm_readLBUB_filemgt"                        -         64       64 3.072000e+04   8.247685e-03     0.000 (     0      0)     0.000 (    49      0)
"a:datm_strd_adv_tint"                           -         64       64 3.072000e+04   8.611377e-01     0.014 (     1      0)     0.013 (    62      0)
"a:datm_scatter"                                 -         64       64 7.680000e+03   2.818924e+00     0.047 (    27      0)     0.042 (     9      0)
"a:datm_datamode"                                -         64       64 7.680000e+03   1.202808e+00     0.021 (     7      0)     0.017 (    49      0)
"a:datm_run2"                                    -         64       64 7.680000e+03   5.085224e-03     0.004 (     0      0)     0.000 (    26      0)
"CPL:A2C"                                        -         64       64 7.680000e+03   2.394229e+01     1.148 (    41      0)     0.017 (     0      0)
"CPL:a2c_atma2atmx"                              -         64       64 7.680000e+03   7.110473e-01     0.014 (    27      0)     0.011 (     9      0)
"CPL:a2c_infoexch"                               -         64       64 7.680000e+03   2.319733e+01     1.137 (    41      0)     0.005 (     0      0)
"CPL:ATMPOST"                                    -         64       64 7.680000e+03   5.470628e-03     0.000 (     0      0)     0.000 (    27      0)
"CPL:HISTORY"                                    -         64       64 1.536000e+04   3.938465e+01     0.801 (     1      0)     0.603 (    28      0)
"CPL:TSTAMP_WRITE"                               -         64       64 7.680000e+03   9.192256e-03     0.003 (     0      0)     0.000 (    37      0)
"CPL:TPROF_WRITE"                                -         64       64 7.680000e+03   2.231638e+01     0.361 (    19      0)     0.163 (     1      0)
"CPL:C2O_INITWAIT"                               -         64       64 7.616000e+03   4.818450e+00     0.126 (     0      0)     0.001 (    37      0)
"CPL:OCNPREP"                                    -         64       64 7.616000e+03   1.556388e+00     0.044 (    37      0)     0.011 (     0      0)
"CPL:ocnprep_avg"                                -         64       64 7.616000e+03   1.530165e+00     0.043 (    37      0)     0.010 (     0      0)
"CPL:C2O"                                        -         64       64 7.616000e+03   2.698562e+00     0.054 (    63      0)     0.034 (    54      0)
"CPL:c2o_ocnx2ocno"                              -         64       64 7.616000e+03   2.273508e+00     0.046 (     1      0)     0.029 (    36      0)
"CPL:c2o_infoexch"                               -         64       64 7.616000e+03   3.855745e-01     0.012 (    63      0)     0.003 (    49      0)
"CPL:OCN_RUN"                                    -         64       64 7.616000e+03   1.594710e+04   249.772 (    16      0)   248.214 (    41      0)
"o:analysis_compute_startup"                     -         64       64 7.616000e+03   2.277093e+01     0.357 (    21      0)     0.353 (    63      0)
"o:compute_startup_globalStats"                  -         64       64 6.400000e+01   5.673390e+00     0.089 (    41      0)     0.089 (    28      0)
"o:compute_startup_layerVolumeWeightedAverage"   -         64       64 6.400000e+01   1.264685e+01     0.198 (    46      0)     0.197 (     8      0)
"o:compute_startup_meridionalHeatTransport"      -         64       64 6.400000e+01   2.667859e+00     0.042 (     8      0)     0.042 (    47      0)
"o:compute_startup_surfaceAreaWeightedAverages"  -         64       64 6.400000e+01   1.450543e-01     0.002 (    14      0)     0.002 (    63      0)
"o:compute_startup_mixedLayerDepths"             -         64       64 6.400000e+01   6.663627e-02     0.001 (    16      0)     0.001 (    41      0)
"o:compute_startup_eddyProductVariables"         -         64       64 6.400000e+01   3.805310e-01     0.007 (    16      0)     0.003 (    60      0)
"o:land_ice_build_arrays"                        -         64       64 1.523200e+04   2.493454e-02     0.001 (    23      0)     0.000 (    51      0)
"o:frazil"                                       -         64       64 1.523200e+04   2.438421e+01     2.863 (    33      0)     0.060 (    41      0)
"o:io_shortwave"                                 -         64       64 1.523200e+04   3.725136e-01     0.012 (    15      0)     0.005 (    32      0)
"o:time integration"                             -         64       64 1.523200e+04   1.252262e+04   202.678 (    16      0)   184.884 (    61      0)
"o:se timestep"                                  -         64       64 1.523200e+04   1.252154e+04   202.660 (    16      0)   184.857 (    61      0)
"o:se prep"                                      -         64       64 1.523200e+04   3.053251e+01     0.616 (     6      0)     0.277 (    60      0)
"o:se loop"                                      -         64       64 3.046400e+04   6.406607e+03   104.405 (    41      0)    96.179 (    25      0)
"o:se halo diag obd"                             -         64       64 3.046400e+04   3.102862e+02    13.401 (    27      0)     0.130 (    42      0)
"o:se halo diag"                                 -         64       64 3.046400e+04   4.280511e+02    21.815 (    61      0)     2.082 (    17      0)
"o:se bcl vel"                                   -         64       64 3.046400e+04   1.230820e+03    23.066 (    41      0)    16.153 (    47      0)
"o:se bcl vel tend"                              -         64       64 3.046400e+04   7.222593e+02    13.588 (    21      0)     6.771 (    60      0)
"o:ocn_tend_vel"                                 -         64       64 3.046400e+04   7.136767e+02    13.417 (    21      0)     6.636 (    60      0)
"o:bulk_ws"                                      -         64       64 3.046400e+04   1.043789e+01     0.208 (    16      0)     0.131 (    39      0)
"o:coriolis"                                     -         64       64 3.046400e+04   1.942958e+02     4.002 (    21      0)     1.636 (    41      0)
"o:vel vadv"                                     -         64       64 3.046400e+04   3.363369e+01     0.703 (    22      0)     0.312 (    60      0)
"o:pressure grad"                                -         64       64 3.046400e+04   1.790932e+02     3.312 (    21      0)     1.578 (    60      0)
"o:vel hmix"                                     -         64       64 3.046400e+04   9.690600e+01     1.802 (    20      0)     1.128 (    60      0)
"o:vel del4"                                     -         64       64 3.046400e+04   9.422656e+01     1.734 (    20      0)     1.094 (    60      0)
"o:vel surface stress"                           -         64       64 3.046400e+04   1.768249e+02     3.265 (    21      0)     1.457 (    60      0)
"o:bcl iters on linear Coriolis"                 -         64       64 4.569600e+04   4.381921e+02    14.062 (    41      0)     4.825 (    47      0)
"o:ocn_fuperp"                                   -         64       64 4.569600e+04   1.643767e+02     3.152 (    16      0)     1.308 (    60      0)
"o:se halo normalBaroclinicVelocity"             -         64       64 4.569600e+04   2.252392e+02    11.423 (    41      0)     1.507 (    55      0)
"o:se halo barotropicForcing"                    -         64       64 3.046400e+04   7.005715e+01     4.590 (    61      0)     0.083 (    21      0)
"o:se btr vel"                                   -         64       64 3.046400e+04   7.568383e+02    15.506 (    36      0)    10.127 (    20      0)
"o:btr vel se init"                              -         64       64 3.046400e+04   4.148082e-01     0.008 (     3      0)     0.005 (    63      0)
"o:btr se subcycle loop"                         -         64       64 3.046400e+04   7.068942e+02    14.722 (    36      0)     9.307 (    23      0)
"o:se halo subcycle"                             -         64       64 1.218560e+06   2.487645e+02     7.536 (    36      0)     1.717 (    23      0)
"o:btr se norm"                                  -         64       64 3.046400e+04   3.718205e-01     0.008 (     7      0)     0.005 (    11      0)
"o:se halo F and btr vel"                        -         64       64 3.046400e+04   4.032527e+00     0.077 (    41      0)     0.055 (    16      0)
"o:btr se ssh verif"                             -         64       64 3.046400e+04   4.458027e+01     0.754 (    16      0)     0.589 (    41      0)
"o:se thick tend"                                -         64       64 3.046400e+04   1.157720e+02     2.099 (    16      0)     1.266 (    63      0)
"o:thick vert trans vel top"                     -         64       64 3.046400e+04   8.129157e+01     1.644 (    16      0)     0.881 (    63      0)
"o:ocn_tend_thick"                               -         64       64 3.046400e+04   3.099135e+01     0.552 (    47      0)     0.344 (    63      0)
"o:bulk_thick"                                   -         64       64 3.046400e+04   6.258416e-01     0.015 (    37      0)     0.006 (    62      0)
"o:thick hadv"                                   -         64       64 3.046400e+04   2.198788e+01     0.419 (    47      0)     0.220 (    63      0)
"o:thick vadv"                                   -         64       64 3.046400e+04   2.445662e+00     0.051 (    48      0)     0.029 (    32      0)
"o:thick surface flux"                           -         64       64 3.046400e+04   2.912227e+00     0.064 (    60      0)     0.035 (    16      0)
"o:frazil thickness tendency"                    -         64       64 3.046400e+04   2.510388e+00     0.055 (    30      0)     0.030 (    50      0)
"o:se halo thickness"                            -         64       64 3.046400e+04   2.699157e+01     1.037 (    19      0)     0.184 (    47      0)
"o:se tracer tend"                               -         64       64 3.046400e+04   1.942460e+03    35.683 (    20      0)    22.221 (    60      0)
"o:ocn_tend_tracer"                              -         64       64 3.046400e+04   1.941550e+03    35.668 (    20      0)    22.207 (    60      0)
"o:bulk_activeTracers"                           -         64       64 3.046400e+04   2.530327e+01     0.540 (    59      0)     0.289 (    33      0)
"o:tracer adv"                                   -         64       64 3.046400e+04   8.175517e+02    16.296 (    20      0)     8.226 (    63      0)
"o:tracer hmix"                                  -         64       64 3.046400e+04   4.618307e+02     8.315 (    22      0)     5.779 (    63      0)
"o:tracer redi"                                  -         64       64 3.046400e+04   4.615510e+02     8.310 (    22      0)     5.773 (    63      0)
"o:surface_tracer_flux"                          -         64       64 3.046400e+04   6.626503e+00     0.127 (    17      0)     0.084 (    61      0)
"o:surface_tracer_runoff_flux"                   -         64       64 3.046400e+04   1.316420e+01     0.239 (    22      0)     0.143 (    61      0)
"o:short wave"                                   -         64       64 3.046400e+04   2.774494e+02     5.729 (    32      0)     2.444 (    60      0)
"o:non-local flux from KPP"                      -         64       64 3.046400e+04   1.778091e+02     3.251 (     6      0)     2.333 (    41      0)
"o:KPP input fields"                             -         64       64 3.046400e+04   9.955612e+01     1.928 (    21      0)     1.326 (    56      0)
"o:equation of state"                            -         64       64 1.675520e+05   3.541347e+02     6.579 (    20      0)     4.595 (    41      0)
"o:non-local flux"                               -         64       64 3.046400e+04   8.655911e+00     0.167 (    10      0)     0.091 (    61      0)
"o:tracer frazil"                                -         64       64 3.046400e+04   3.277527e+00     0.062 (    20      0)     0.044 (    61      0)
"o:se halo tracers"                              -         64       64 3.046400e+04   2.078121e+02     9.766 (    19      0)     0.441 (    61      0)
"o:se loop fini"                                 -         64       64 3.046400e+04   1.386940e+03    25.463 (    16      0)    15.020 (    60      0)
"o:diagnostic solve"                             -         64       64 4.569600e+04   3.583952e+03    65.084 (    16      0)    40.558 (    61      0)
"o:se implicit vert mix"                         -         64       64 1.523200e+04   3.748617e+03    66.825 (    60      0)    53.399 (    45      0)
"o:gm bolus velocity"                            -         64       64 3.046400e+04   2.066045e+03    40.764 (    16      0)    16.212 (    60      0)
"o:vmix imp"                                     -         64       64 1.523200e+04   9.028685e+02    18.288 (    16      0)     8.506 (    60      0)
"o:vmix coefs"                                   -         64       64 1.523200e+04   7.832206e+02    16.257 (    16      0)     7.256 (    60      0)
"o:cvmix cell loop"                              -         64       64 1.523200e+04   7.708350e+02    16.040 (    16      0)     7.075 (    60      0)
"o:tracer redi coef"                             -         64       64 1.523200e+04   6.153807e-01     0.011 (    20      0)     0.009 (    18      0)
"o:CVMix avg"                                    -         64       64 1.523200e+04   5.647925e+00     0.099 (    20      0)     0.066 (    60      0)
"o:vmix solve momentum"                          -         64       64 1.523200e+04   5.550749e+01     1.061 (    21      0)     0.455 (    60      0)
"o:vmix solve tracers"                           -         64       64 1.523200e+04   5.810457e+01     1.008 (     6      0)     0.720 (    60      0)
"o:vmix tracers tend imp loop"                   -         64       64 1.523200e+04   3.018047e+01     0.544 (     6      0)     0.319 (    60      0)
"o:se vmix halos"                                -         64       64 1.523200e+04   4.451934e+02    29.518 (    60      0)     1.003 (    32      0)
"o:se vmix halos normalVelFld"                   -         64       64 1.523200e+04   3.072136e+02    19.358 (    60      0)     0.479 (    43      0)
"o:se fini"                                      -         64       64 1.523200e+04   2.335230e+03    44.397 (    16      0)    23.512 (    60      0)
"o:se final mpas reconstruct"                    -         64       64 1.523200e+04   3.066465e+01     0.588 (    20      0)     0.383 (    56      0)
"o:reconstruct gm vecs"                          -         64       64 1.523200e+04   7.770288e+01     1.388 (    21      0)     1.113 (    63      0)
"o:analysis_compute"                             -         64       64 1.523200e+04   2.452846e+03    46.645 (    61      0)    31.822 (    16      0)
"o:compute_layerVolumeWeightedAverage"           -         64       64 7.680000e+03   1.755492e+03    35.983 (    61      0)    20.564 (    16      0)
"o:compute_meridionalHeatTransport"              -         64       64 7.680000e+03   3.198268e+02     5.007 (     8      0)     4.994 (    33      0)
"o:compute_surfaceAreaWeightedAverages"          -         64       64 7.680000e+03   1.489557e+01     0.235 (    19      0)     0.231 (    59      0)
"o:compute_mixedLayerDepths"                     -         64       64 7.680000e+03   7.936776e+00     0.136 (    16      0)     0.106 (    41      0)
"o:compute_timeSeriesStatsMonthly"               -         64       64 7.680000e+03   2.352553e+02     4.187 (    16      0)     2.910 (    41      0)
"o:compute_timeSeriesStatsMonthlyMin"            -         64       64 7.680000e+03   5.746991e+00     0.102 (    22      0)     0.079 (    43      0)
"o:compute_timeSeriesStatsMonthlyMax"            -         64       64 7.680000e+03   5.790774e+00     0.102 (    61      0)     0.081 (    36      0)
"o:compute_eddyProductVariables"                 -         64       64 7.680000e+03   4.476387e+01     0.825 (    20      0)     0.429 (    60      0)
"o:analysis_restart"                             -         64       64 1.523200e+04   2.532045e+00     0.048 (    21      0)     0.036 (    49      0)
"o:restart_globalStats"                          -         64       64 1.523200e+04   4.841504e-02     0.001 (    61      0)     0.001 (    42      0)
"o:restart_layerVolumeWeightedAverage"           -         64       64 1.523200e+04   4.592146e-02     0.001 (     8      0)     0.001 (     9      0)
"o:restart_meridionalHeatTransport"              -         64       64 1.523200e+04   4.560322e-02     0.001 (    21      0)     0.001 (     9      0)
"o:restart_surfaceAreaWeightedAverages"          -         64       64 1.523200e+04   4.689932e-02     0.001 (    21      0)     0.001 (     9      0)
"o:restart_highFrequencyOutput"                  -         64       64 1.523200e+04   5.096641e-02     0.001 (    41      0)     0.001 (     9      0)
"o:restart_mixedLayerDepths"                     -         64       64 1.523200e+04   5.222287e-02     0.001 (    43      0)     0.001 (    49      0)
"o:restart_timeSeriesStatsMonthly"               -         64       64 1.523200e+04   6.039598e-02     0.001 (    41      0)     0.001 (    23      0)
"o:restart_timeSeriesStatsMonthlyMin"            -         64       64 1.523200e+04   5.759577e-02     0.001 (    21      0)     0.001 (     9      0)
"o:restart_timeSeriesStatsMonthlyMax"            -         64       64 1.523200e+04   5.691476e-02     0.001 (    21      0)     0.001 (    49      0)
"o:restart_eddyProductVariables"                 -         64       64 1.523200e+04   5.320309e-02     0.001 (    21      0)     0.001 (     9      0)
"o:analysis_write"                               -         64       64 1.523200e+04   4.264243e+02     6.831 (    15      0)     6.455 (    40      0)
"o:write_globalStats"                            -         64       64 1.523200e+04   8.742861e+01     1.419 (    61      0)     1.338 (    16      0)
"o:reset_alarm_globalStats"                      -         64       64 1.523200e+04   9.182624e+00     0.156 (    46      0)     0.136 (    62      0)
"o:write_layerVolumeWeightedAverage"             -         64       64 1.523200e+04   1.365698e+01     0.232 (    43      0)     0.201 (    18      0)
"o:reset_alarm_layerVolumeWeightedAverage"       -         64       64 1.523200e+04   1.298875e+01     0.218 (    15      0)     0.193 (    40      0)
"o:write_meridionalHeatTransport"                -         64       64 1.523200e+04   1.315963e+01     0.224 (    15      0)     0.196 (    40      0)
"o:reset_alarm_meridionalHeatTransport"          -         64       64 1.523200e+04   1.263610e+01     0.216 (    15      0)     0.188 (    63      0)
"o:write_surfaceAreaWeightedAverages"            -         64       64 1.523200e+04   1.357290e+01     0.233 (    15      0)     0.201 (    18      0)
"o:reset_alarm_surfaceAreaWeightedAverages"      -         64       64 1.523200e+04   1.308189e+01     0.222 (    51      0)     0.194 (    40      0)
"o:write_highFrequencyOutput"                    -         64       64 1.523200e+04   7.548710e+01     1.196 (    29      0)     1.170 (    62      0)
"o:reset_alarm_highFrequencyOutput"              -         64       64 1.523200e+04   9.598901e+00     0.162 (    36      0)     0.142 (    62      0)
"o:write_mixedLayerDepths"                       -         64       64 1.523200e+04   1.101076e+01     0.188 (    24      0)     0.163 (    41      0)
"o:reset_alarm_mixedLayerDepths"                 -         64       64 1.523200e+04   1.042001e+01     0.176 (    12      0)     0.155 (    40      0)
"o:write_timeSeriesStatsMonthly"                 -         64       64 1.523200e+04   1.927420e+01     0.328 (    39      0)     0.286 (    63      0)
"o:reset_alarm_timeSeriesStatsMonthly"           -         64       64 1.523200e+04   1.818323e+01     0.312 (    39      0)     0.270 (    19      0)
"o:write_timeSeriesStatsMonthlyMin"              -         64       64 1.523200e+04   2.049752e+01     0.360 (    39      0)     0.303 (    18      0)
"o:reset_alarm_timeSeriesStatsMonthlyMin"        -         64       64 1.523200e+04   1.965160e+01     0.339 (     5      0)     0.290 (    40      0)
"o:write_timeSeriesStatsMonthlyMax"              -         64       64 1.523200e+04   2.036115e+01     0.354 (     2      0)     0.301 (    40      0)
"o:reset_alarm_timeSeriesStatsMonthlyMax"        -         64       64 1.523200e+04   1.952069e+01     0.335 (     1      0)     0.289 (    40      0)
"o:write_eddyProductVariables"                   -         64       64 1.523200e+04   1.162808e+01     0.199 (    22      0)     0.173 (    41      0)
"o:reset_alarm_eddyProductVariables"             -         64       64 1.523200e+04   1.102557e+01     0.193 (    22      0)     0.164 (    41      0)
"CPL:O2CT"                                       -         64       64 7.616000e+03   1.170330e+01     0.203 (    34      0)     0.038 (    16      0)
"CPL:o2c_ocno2ocnx"                              -         64       64 7.616000e+03   9.613860e+00     0.201 (    34      0)     0.021 (    41      0)
"CPL:o2c_infoexch"                               -         64       64 7.616000e+03   2.052839e+00     0.181 (    41      0)     0.002 (     0      0)
"CPL:OCNPOSTT"                                   -         64       64 7.616000e+03   4.621650e-03     0.000 (    33      0)     0.000 (    56      0)
"a:datm_readLBUB_fbound"                         -         64       64 1.536000e+03   5.664010e-04     0.000 (     0      0)     0.000 (    45      0)
"a:datm_readLBUB_bcast"                          -         64       64 1.536000e+03   4.549455e+00     0.226 (    41      0)     0.001 (     0      0)
"a:datm_readLBUB_LB_copy"                        -         64       64 1.536000e+03   1.697478e-02     0.000 (    30      0)     0.000 (    32      0)
"a:datm_readLBUB_UB_setup"                       -         64       64 1.536000e+03   3.729095e-03     0.003 (     0      0)     0.000 (    19      0)
"a:datm_readLBUB_UB_readpio"                     -         64       64 1.536000e+03   7.169758e+00     0.117 (     1      0)     0.083 (    16      0)
"a:PIO:pio_read_darray"                          -         64       64 8.256000e+03   4.771048e+00     0.080 (     1      0)     0.070 (    23      0)
"a:PIO:pio_read_nf"                              -         64       64 8.256000e+03   1.371239e-01     0.069 (     1      0)     0.000 (    56      0)
"a:PIO:pio_read_nfdarray_double"                 -         64       64 8.256000e+03   1.274949e-01     0.068 (     1      0)     0.000 (    56      0)
"a:PIO:pio_rearrange_read"                       -         64       64 8.256000e+03   4.570808e+00     0.078 (    62      0)     0.010 (     1      0)
"a:PIO:pio_rearrange_io2comp_double"             -         64       64 8.256000e+03   4.560672e+00     0.077 (    62      0)     0.010 (     1      0)
"a:PIO:swapm_box_rear_io2comp_double"            -         64       64 8.256000e+03   4.524957e+00     0.077 (    62      0)     0.009 (     1      0)
"a:datm_strd_adv_fill"                           -         64       64 1.536000e+03   2.181228e-01     0.004 (     5      0)     0.003 (     1      0)
"a:datm_strd_adv_rearr"                          -         64       64 1.536000e+03   2.758743e-02     0.000 (    52      0)     0.000 (     1      0)
"i:dice_readLBUB_fbound"                         -         64       64 3.200000e+02   1.290690e-04     0.000 (     0      0)     0.000 (    30      0)
"i:dice_readLBUB_bcast"                          -         64       64 3.200000e+02   4.372736e-03     0.000 (     8      0)     0.000 (    28      0)
"i:dice_readLBUB_LB_copy"                        -         64       64 3.200000e+02   1.419775e-02     0.000 (    30      0)     0.000 (    11      0)
"i:dice_readLBUB_UB_setup"                       -         64       64 3.200000e+02   8.790100e-04     0.001 (     0      0)     0.000 (    41      0)
"i:dice_readLBUB_UB_readpio"                     -         64       64 3.200000e+02   1.163751e+00     0.019 (     1      0)     0.018 (    53      0)
"i:PIO:pio_read_darray"                          -         64       64 3.200000e+02   1.113913e+00     0.018 (     1      0)     0.017 (    49      0)
"i:PIO:pio_read_nf"                              -         64       64 3.200000e+02   4.115561e-02     0.017 (     1      0)     0.000 (     0      0)
"i:PIO:pio_read_nfdarray_double"                 -         64       64 3.200000e+02   4.012203e-02     0.017 (     1      0)     0.000 (     0      0)
"i:PIO:pio_rearrange_read"                       -         64       64 3.200000e+02   1.068063e+00     0.017 (    30      0)     0.000 (     1      0)
"i:PIO:pio_rearrange_io2comp_double"             -         64       64 3.200000e+02   1.067262e+00     0.017 (    28      0)     0.000 (     1      0)
"i:PIO:swapm_box_rear_io2comp_double"            -         64       64 3.200000e+02   1.063606e+00     0.017 (    29      0)     0.000 (     1      0)
"i:dice_strd_adv_fill"                           -         64       64 3.200000e+02   1.093978e-01     0.002 (    30      0)     0.002 (    32      0)
"i:dice_strd_adv_map"                            -         64       64 3.200000e+02   1.436478e-01     0.002 (    34      0)     0.002 (    25      0)
"o:compute_globalStats"                          -         64       64 3.200000e+02   4.371432e+01     1.055 (    61      0)     0.418 (    16      0)
"o:PIO:PIO_createfile"                           -         64       64 3.840000e+02   1.607746e+00     0.026 (     0      0)     0.024 (    55      0)
"o:PIO:pio_put_var1_text"                        -         64       64 1.024000e+03   9.238144e-01     0.048 (    60      0)     0.004 (    23      0)
"o:PIO:pio_put_var1_double"                      -         64       64 7.360000e+04   6.334892e-01     0.022 (    41      0)     0.005 (    49      0)
"CPL:RUN_LOOP_sync1_tprf"                        -         64       64 3.200000e+02   1.202181e+01     0.209 (     2      0)     0.002 (     1      0)
"CPL:RUN_LOOP_t_prf"                             -         64       64 3.200000e+02   3.637332e-01     0.161 (     0      0)     0.001 (     7      0)
"CPL:RUN_LOOP_sync2_tprf"                        -         64       64 3.200000e+02   9.923887e+00     0.160 (    63      0)     0.000 (     0      0)
"r:drof_r_readLBUB_fbound"                       -         64       64 6.400000e+01   2.646800e-05     0.000 (     0      0)     0.000 (    17      0)
"r:drof_r_readLBUB_bcast"                        -         64       64 6.400000e+01   5.873621e-03     0.000 (    60      0)     0.000 (    17      0)
"r:drof_r_readLBUB_LB_copy"                      -         64       64 6.400000e+01   7.959120e-04     0.000 (     0      0)     0.000 (    54      0)
"r:drof_r_readLBUB_UB_setup"                     -         64       64 6.400000e+01   1.384120e-04     0.000 (     0      0)     0.000 (    27      0)
"r:drof_r_readLBUB_UB_readpio"                   -         64       64 6.400000e+01   8.083078e-02     0.001 (     1      0)     0.001 (    52      0)
"r:PIO:pio_read_darray"                          -         64       64 6.400000e+01   6.666364e-02     0.001 (     1      0)     0.001 (     0      0)
"r:PIO:pio_read_nf"                              -         64       64 6.400000e+01   2.550872e-03     0.001 (     1      0)     0.000 (    53      0)
"r:PIO:pio_read_nfdarray_double"                 -         64       64 6.400000e+01   2.365214e-03     0.001 (     1      0)     0.000 (    51      0)
"r:PIO:pio_rearrange_read"                       -         64       64 6.400000e+01   6.333243e-02     0.001 (    62      0)     0.000 (     1      0)
"r:PIO:pio_rearrange_io2comp_double"             -         64       64 6.400000e+01   6.316168e-02     0.001 (    62      0)     0.000 (     1      0)
"r:PIO:swapm_box_rear_io2comp_double"            -         64       64 6.400000e+01   6.239419e-02     0.001 (    62      0)     0.000 (     1      0)
"r:drof_r_strd_adv_rearr"                        -         64       64 6.400000e+01   1.499444e-03     0.000 (     2      0)     0.000 (     8      0)
"i:dice_restart"                                 -         64       64 6.400000e+01   5.815917e-01     0.011 (    33      0)     0.009 (    52      0)
"i:PIO:PIO_initdecomp_dof"                       -         64       64 1.280000e+02   1.463383e-01     0.003 (     1      0)     0.001 (     0      0)
"i:PIO:pio_rearrange_create_box"                 -         64       64 1.280000e+02   8.954273e-02     0.003 (     1      0)     0.000 (     0      0)
"i:PIO:PIO_createfile"                           -         64       64 6.400000e+01   2.004486e-01     0.003 (     0      0)     0.003 (    31      0)
"i:PIO:pio_write_darray"                         -         64       64 6.400000e+01   5.741342e-03     0.000 (    17      0)     0.000 (     0      0)
"i:PIO:pio_rearrange_write"                      -         64       64 6.400000e+01   3.846449e-03     0.000 (     1      0)     0.000 (     0      0)
"i:PIO:pre_pio_write_nf"                         -         64       64 6.400000e+01   3.857813e-03     0.000 (     1      0)     0.000 (     0      0)
"i:PIO:pio_rearrange_comp2io_double"             -         64       64 6.400000e+01   3.548874e-03     0.000 (     1      0)     0.000 (     0      0)
"i:PIO:swapm_box_rear_comp2io_double"            -         64       64 6.400000e+01   3.110781e-03     0.000 (     1      0)     0.000 (     0      0)
"i:PIO:pio_write_nf"                             -         64       64 6.400000e+01   7.940530e-04     0.000 (     1      0)     0.000 (    57      0)
"i:PIO:pio_write_nfdarray_double"                -         64       64 6.400000e+01   6.836800e-04     0.000 (     1      0)     0.000 (    24      0)
"i:PIO:PIO_closefile"                            -         64       64 6.400000e+01   5.312466e-03     0.001 (    33      0)     0.000 (    59      0)
"r:drof_restart"                                 -         64       64 6.400000e+01   2.406851e-03     0.002 (     0      0)     0.000 (    55      0)
"o:PIO:PIO_initdecomp_dof"                       -         64       64 1.280000e+02   5.934344e-01     0.015 (     1      0)     0.009 (     3      0)
"o:PIO:pio_rearrange_create_box"                 -         64       64 1.280000e+02   5.821858e-01     0.015 (     1      0)     0.008 (    19      0)
"o:PIO:pio_write_darray"                         -         64       64 5.312000e+03   8.765270e+00     0.138 (    43      0)     0.136 (    60      0)
"o:PIO:pio_rearrange_write"                      -         64       64 5.312000e+03   1.810763e+00     0.075 (     1      0)     0.023 (     0      0)
"o:PIO:pre_pio_write_nf"                         -         64       64 5.312000e+03   1.814448e+00     0.075 (     1      0)     0.023 (     0      0)
"o:PIO:pio_rearrange_comp2io_double"             -         64       64 3.328000e+03   1.489750e+00     0.045 (     1      0)     0.018 (    17      0)
"o:PIO:swapm_box_rear_comp2io_double"            -         64       64 3.328000e+03   1.478417e+00     0.045 (     1      0)     0.018 (    17      0)
"o:PIO:pio_write_nf"                             -         64       64 5.312000e+03   6.813269e+00     0.112 (     0      0)     0.060 (     1      0)
"o:PIO:pio_write_nfdarray_double"                -         64       64 3.328000e+03   5.003365e+00     0.082 (     0      0)     0.047 (     1      0)
"o:PIO:pio_rearrange_comp2io_int"                -         64       64 9.600000e+02   2.181842e-01     0.014 (     1      0)     0.002 (     0      0)
"o:PIO:swapm_box_rear_comp2io_int"               -         64       64 9.600000e+02   2.146796e-01     0.013 (     1      0)     0.002 (     0      0)
"o:PIO:pio_write_nfdarray_int"                   -         64       64 9.600000e+02   1.412777e+00     0.023 (     0      0)     0.011 (     1      0)
"o:PIO:pio_put_vara_1d_double"                   -         64       64 1.280000e+02   4.938956e+00     0.079 (    10      0)     0.076 (     3      0)
"a:datm_restart"                                 -         64       64 6.400000e+01   3.625656e-03     0.003 (     0      0)     0.000 (    46      0)
"CPL:RESTART"                                    -         64       64 6.400000e+01   1.908988e+01     0.363 (     1      0)     0.294 (    47      0)
"PIO:PIO_createfile"                             -         64       64 1.920000e+02   6.141607e+00     0.183 (     0      0)     0.009 (    29      0)
"PIO:pio_put_var_0d_double"                      -         64       64 1.280000e+02   1.241672e-02     0.006 (     1      0)     0.000 (    42      0)
"PIO:pio_put_var_0d_text"                        -         64       64 6.400000e+01   4.067530e-04     0.000 (     1      0)     0.000 (     8      0)
"PIO:pio_put_var_0d_int"                         -         64       64 5.760000e+02   1.782616e-02     0.015 (     1      0)     0.000 (     8      0)
"PIO:pio_put_vara_1d_double"                     -         64       64 2.560000e+02   4.008557e-03     0.001 (     1      0)     0.000 (    37      0)
"PIO:pio_write_darray"                           -         64       64 6.208000e+04   4.964993e+00     0.299 (     1      0)     0.041 (     0      0)
"PIO:pio_rearrange_write"                        -         64       64 6.208000e+04   3.688462e+00     0.128 (     1      0)     0.032 (     0      0)
"PIO:pre_pio_write_nf"                           -         64       64 6.208000e+04   3.723353e+00     0.130 (     1      0)     0.032 (     0      0)
"PIO:pio_rearrange_comp2io_double"               -         64       64 6.208000e+04   3.570710e+00     0.098 (     1      0)     0.029 (     0      0)
"PIO:swapm_box_rear_comp2io_double"              -         64       64 6.208000e+04   3.384404e+00     0.095 (     1      0)     0.024 (     0      0)
"PIO:pio_write_nf"                               -         64       64 6.208000e+04   2.196943e-01     0.158 (     1      0)     0.001 (    62      0)
"PIO:pio_write_nfdarray_double"                  -         64       64 6.208000e+04   1.712477e-01     0.157 (     1      0)     0.000 (    40      0)
"PIO:pio_get_var_1d_int"                         -         64       64 6.400000e+01   5.037146e-02     0.002 (    63      0)     0.000 (    51      0)
"PIO:pio_get_var_1d_double"                      -         64       64 1.280000e+02   3.189182e-02     0.001 (    31      0)     0.000 (     1      0)
"o:compute_highFrequencyOutput"                  -         64       64 6.400000e+01   4.346827e-01     0.008 (    16      0)     0.005 (    60      0)
"o:PIO:pio_put_var1_real"                        -         64       64 6.400000e+01   4.136824e-03     0.000 (    60      0)     0.000 (     1      0)
"o:PIO:pio_rearrange_comp2io_real"               -         64       64 1.024000e+03   5.508483e-02     0.004 (     1      0)     0.000 (     0      0)
"o:PIO:swapm_box_rear_comp2io_real"              -         64       64 1.024000e+03   5.199439e-02     0.004 (     1      0)     0.000 (     0      0)
"o:PIO:pio_write_nfdarray_real"                  -         64       64 1.024000e+03   3.910389e-01     0.007 (     0      0)     0.003 (     1      0)
"CPL:RUN_LOOP_BSTOP"                             -         64       64 6.400000e+01   2.130880e-04     0.000 (    57      0)     0.000 (    12      0)
"CPL:FINAL"                                      -         64       64 6.400000e+01   4.170745e+00     0.066 (     0      0)     0.065 (     9      0)
"CPL:cime_final"                                 -         64       64 6.400000e+01   4.170565e+00     0.066 (     0      0)     0.065 (     8      0)
"a_f:DATM_FINAL"                                 -         64       64 6.400000e+01   6.131700e-05     0.000 (     0      0)     0.000 (    55      0)
"r_f:DROF_FINAL"                                 -         64       64 6.400000e+01   3.022100e-05     0.000 (     0      0)     0.000 (    56      0)
"i_f:DICE_FINAL"                                 -         64       64 6.400000e+01   4.073400e-05     0.000 (     0      0)     0.000 (    63      0)
"o_f:analysis_finalize"                          -         64       64 6.400000e+01   1.127108e-02     0.000 (    54      0)     0.000 (    63      0)
"o_f:finalize_globalStats"                       -         64       64 6.400000e+01   1.901270e-04     0.000 (    42      0)     0.000 (    57      0)
"o_f:finalize_layerVolumeWeightedAverage"        -         64       64 6.400000e+01   1.868650e-04     0.000 (     4      0)     0.000 (    50      0)
"o_f:finalize_meridionalHeatTransport"           -         64       64 6.400000e+01   1.830120e-04     0.000 (     1      0)     0.000 (    12      0)
"o_f:finalize_surfaceAreaWeightedAverages"       -         64       64 6.400000e+01   1.883510e-04     0.000 (     1      0)     0.000 (    61      0)
"o_f:finalize_highFrequencyOutput"               -         64       64 6.400000e+01   1.971530e-04     0.000 (    45      0)     0.000 (    40      0)
"o_f:finalize_mixedLayerDepths"                  -         64       64 6.400000e+01   2.096550e-04     0.000 (    59      0)     0.000 (    32      0)
"o_f:finalize_timeSeriesStatsMonthly"            -         64       64 6.400000e+01   2.384220e-04     0.000 (    42      0)     0.000 (    34      0)
"o_f:finalize_timeSeriesStatsMonthlyMin"         -         64       64 6.400000e+01   2.337640e-04     0.000 (    26      0)     0.000 (    51      0)
"o_f:finalize_timeSeriesStatsMonthlyMax"         -         64       64 6.400000e+01   2.251450e-04     0.000 (    57      0)     0.000 (    44      0)
"o_f:finalize_eddyProductVariables"              -         64       64 6.400000e+01   2.091400e-04     0.000 (    15      0)     0.000 (    40      0)
"o_f:PIO:PIO_closefile"                          -         64       64 4.480000e+02   6.581873e-01     0.011 (    18      0)     0.009 (    46      0)
"CPL:FINAL_sync1_tprf"                           -         64       64 6.400000e+01   4.232089e-02     0.001 (    19      0)     0.000 (     0      0)
"CPL:FINAL_t_prf"                                y          0        0 0.000000e+00   0.000000e+00     0.000 (     0      0)     0.000 (     0      0)
"i:PIO:post_pio_write_nf"                        -          4        4 4.000000e+00   5.316940e-04     0.000 (    17      0)     0.000 (     1      0)
"i:PIO:allred_add_data_to_buf"                   -          4        4 4.000000e+00   5.201480e-04     0.000 (    17      0)     0.000 (     1      0)
"o:PIO:post_pio_write_nf"                        -          4        4 3.320000e+02   3.249665e-03     0.001 (     1      0)     0.001 (    49      0)
"o:PIO:allred_add_data_to_buf"                   -          4        4 3.320000e+02   2.552115e-03     0.001 (     1      0)     0.000 (    49      0)
"PIO:post_pio_write_nf"                          -          4        4 3.880000e+03   6.981748e-01     0.243 (    17      0)     0.006 (     1      0)
"PIO:allred_add_data_to_buf"                     -          4        4 3.880000e+03   6.871161e-01     0.240 (    17      0)     0.003 (     1      0)

